ATOMIC_POSITIONS (crystal) 
 Pt 0.16666666666666669 0.16666666666666666 0.4077234879214892 
 Pt 0.6666666666666667 0.16666666666666666 0.4077234879214892 
 Pt 0.16666666666666669 0.6666666666666666 0.4077234879214892 
 Pt 0.6666666666666667 0.6666666666666666 0.4077234879214892 
 Pt 0.8333333333333334 0.3333333333333333 0.5 
 Pt 0.33333333333333337 0.3333333333333333 0.5 
 Pt 0.8333333333333334 0.8333333333333333 0.5 
 Pt 0.33333333333333326 0.8333333333333333 0.5 
 Pt 0.0 0.0 0.5922765120785107 
 Pt 0.5 0.0 0.5922765120785107 
 Pt 0.0 0.5 0.5922765120785107 
 Pt 0.5000000000000001 0.5 0.5922765120785107 
CRYSTAL_PARAMETERS (alat)
 5.5437171645025325 0.0 0.0 
 2.7718585822512662 4.800999895855028 0.0 
 0.0 0.0 24.526426110446668 
